TimeStart,TimeEnd,PP0Start,PP0End,PP1Start,PP1End,PkgStart,PkgEnd,DramStart,DramEnd
1737421072916,1737421105622,2838884098,2840025201,0,0,1574353697,1581426144,1086835249,1087140823
TimeStart,TimeEnd,PP0Start,PP0End,PP1Start,PP1End,PkgStart,PkgEnd,DramStart,DramEnd
1737421106098,1737421138800,2840032057,2841190843,0,0,1581519625,1588609025,1087146866,1087452433
TimeStart,TimeEnd,PP0Start,PP0End,PP1Start,PP1End,PkgStart,PkgEnd,DramStart,DramEnd
1737421139273,1737421172159,2841197120,2842368739,0,0,1588701584,1595837445,1087458451,1087765665
TimeStart,TimeEnd,PP0Start,PP0End,PP1Start,PP1End,PkgStart,PkgEnd,DramStart,DramEnd
1737421172633,1737421205381,2842375142,2843514772,0,0,1595929919,1603008660,1087771700,1088077650
TimeStart,TimeEnd,PP0Start,PP0End,PP1Start,PP1End,PkgStart,PkgEnd,DramStart,DramEnd
1737421205858,1737421239524,2843522214,2844694609,0,0,1603103102,1610380880,1088083716,1088398144
TimeStart,TimeEnd,PP0Start,PP0End,PP1Start,PP1End,PkgStart,PkgEnd,DramStart,DramEnd
1737421239997,1737421276055,2844701407,2845914617,0,0,1610473778,1618226376,1088404154,1088740269
TimeStart,TimeEnd,PP0Start,PP0End,PP1Start,PP1End,PkgStart,PkgEnd,DramStart,DramEnd
1737421276531,1737421311716,2845920738,2847089261,0,0,1618319109,1625868546,1088746324,1089074581
TimeStart,TimeEnd,PP0Start,PP0End,PP1Start,PP1End,PkgStart,PkgEnd,DramStart,DramEnd
1737421312193,1737421345406,2847095582,2848254119,0,0,1625961834,1633143540,1089080641,1089390901
TimeStart,TimeEnd,PP0Start,PP0End,PP1Start,PP1End,PkgStart,PkgEnd,DramStart,DramEnd
1737421345881,1737421378383,2848261255,2849417805,0,0,1633237092,1640288171,1089396934,1089700732
TimeStart,TimeEnd,PP0Start,PP0End,PP1Start,PP1End,PkgStart,PkgEnd,DramStart,DramEnd
1737421378861,1737421411833,2849423943,2850578690,0,0,1640381459,1647515613,1089706807,1090014802
TimeStart,TimeEnd,PP0Start,PP0End,PP1Start,PP1End,PkgStart,PkgEnd,DramStart,DramEnd
1737421412305,1737421446631,2850584953,2851747220,0,0,1647607976,1654995199,1090020816,1090341133
TimeStart,TimeEnd,PP0Start,PP0End,PP1Start,PP1End,PkgStart,PkgEnd,DramStart,DramEnd
1737421447105,1737421480130,2851753871,2852929166,0,0,1655088271,1662252534,1090347168,1090655615
TimeStart,TimeEnd,PP0Start,PP0End,PP1Start,PP1End,PkgStart,PkgEnd,DramStart,DramEnd
1737421480608,1737421512927,2852935976,2854113918,0,0,1662346285,1669385185,1090661675,1090963723
TimeStart,TimeEnd,PP0Start,PP0End,PP1Start,PP1End,PkgStart,PkgEnd,DramStart,DramEnd
1737421513400,1737421546570,2854120003,2855321674,0,0,1669477501,1676694662,1090969738,1091279536
TimeStart,TimeEnd,PP0Start,PP0End,PP1Start,PP1End,PkgStart,PkgEnd,DramStart,DramEnd
1737421547048,1737421579593,2855328662,2856493854,0,0,1676788601,1683855739,1091285603,1091589709
TimeStart,TimeEnd,PP0Start,PP0End,PP1Start,PP1End,PkgStart,PkgEnd,DramStart,DramEnd
1737421580067,1737421612443,2856500046,2857653196,0,0,1683948364,1690973174,1091595747,1091898451
TimeStart,TimeEnd,PP0Start,PP0End,PP1Start,PP1End,PkgStart,PkgEnd,DramStart,DramEnd
1737421612917,1737421645977,2857659511,2858880164,0,0,1691065937,1698281815,1091904489,1092213238
TimeStart,TimeEnd,PP0Start,PP0End,PP1Start,PP1End,PkgStart,PkgEnd,DramStart,DramEnd
1737421646454,1737421679113,2858887089,2860065656,0,0,1698375707,1705477029,1092219302,1092524454
TimeStart,TimeEnd,PP0Start,PP0End,PP1Start,PP1End,PkgStart,PkgEnd,DramStart,DramEnd
1737421679588,1737421711892,2860071987,2861251667,0,0,1705569797,1712608248,1092530495,1092832533
TimeStart,TimeEnd,PP0Start,PP0End,PP1Start,PP1End,PkgStart,PkgEnd,DramStart,DramEnd
1737421712367,1737421745103,2861258150,2862399784,0,0,1712701148,1719779786,1092838577,1093144451
TimeStart,TimeEnd,PP0Start,PP0End,PP1Start,PP1End,PkgStart,PkgEnd,DramStart,DramEnd
1737421745576,1737421779356,2862406041,2863561668,0,0,1719872121,1727154038,1093150460,1093465904
TimeStart,TimeEnd,PP0Start,PP0End,PP1Start,PP1End,PkgStart,PkgEnd,DramStart,DramEnd
1737421779829,1737421812638,2863567833,2864724552,0,0,1727246456,1734353082,1093471926,1093778424
TimeStart,TimeEnd,PP0Start,PP0End,PP1Start,PP1End,PkgStart,PkgEnd,DramStart,DramEnd
1737421813111,1737421845585,2864732018,2865876536,0,0,1734446612,1741480566,1093784431,1094087937
TimeStart,TimeEnd,PP0Start,PP0End,PP1Start,PP1End,PkgStart,PkgEnd,DramStart,DramEnd
1737421846059,1737421879030,2865884263,2867032482,0,0,1741574525,1748702246,1094093971,1094401925
TimeStart,TimeEnd,PP0Start,PP0End,PP1Start,PP1End,PkgStart,PkgEnd,DramStart,DramEnd
1737421879504,1737421913005,2867038769,2868172798,0,0,1748794777,1756004461,1094407951,1094720745
TimeStart,TimeEnd,PP0Start,PP0End,PP1Start,PP1End,PkgStart,PkgEnd,DramStart,DramEnd
1737421913483,1737421946687,2868178960,2869326332,0,0,1756097601,1763266579,1094726807,1095036951
TimeStart,TimeEnd,PP0Start,PP0End,PP1Start,PP1End,PkgStart,PkgEnd,DramStart,DramEnd
1737421947164,1737421981659,2869332729,2870500938,0,0,1763359795,1770783926,1095043000,1095364882
TimeStart,TimeEnd,PP0Start,PP0End,PP1Start,PP1End,PkgStart,PkgEnd,DramStart,DramEnd
1737421982134,1737422015273,2870507795,2871693013,0,0,1770877202,1778072422,1095370914,1095680384
TimeStart,TimeEnd,PP0Start,PP0End,PP1Start,PP1End,PkgStart,PkgEnd,DramStart,DramEnd
1737422015748,1737422048901,2871699634,2872830903,0,0,1778165472,1785309483,1095686421,1095996204
TimeStart,TimeEnd,PP0Start,PP0End,PP1Start,PP1End,PkgStart,PkgEnd,DramStart,DramEnd
1737422049374,1737422081790,2872837328,2874006668,0,0,1785401961,1792450169,1096002210,1096305135
TimeStart,TimeEnd,PP0Start,PP0End,PP1Start,PP1End,PkgStart,PkgEnd,DramStart,DramEnd
1737422082265,1737422115367,2874012906,2875205277,0,0,1792542841,1799738449,1096311184,1096620365
TimeStart,TimeEnd,PP0Start,PP0End,PP1Start,PP1End,PkgStart,PkgEnd,DramStart,DramEnd
1737422115843,1737422148301,2875213072,2876400919,0,0,1799832850,1806907236,1096626417,1096929800
TimeStart,TimeEnd,PP0Start,PP0End,PP1Start,PP1End,PkgStart,PkgEnd,DramStart,DramEnd
1737422148779,1737422181214,2876408768,2877576097,0,0,1807002055,1814051673,1096935870,1097239055
TimeStart,TimeEnd,PP0Start,PP0End,PP1Start,PP1End,PkgStart,PkgEnd,DramStart,DramEnd
1737422181687,1737422214120,2877582839,2878757669,0,0,1814144463,1821201288,1097245064,1097548132
TimeStart,TimeEnd,PP0Start,PP0End,PP1Start,PP1End,PkgStart,PkgEnd,DramStart,DramEnd
1737422214595,1737422247091,2878764238,2879916044,0,0,1821294284,1828339717,1097554176,1097857962
TimeStart,TimeEnd,PP0Start,PP0End,PP1Start,PP1End,PkgStart,PkgEnd,DramStart,DramEnd
1737422247565,1737422281463,2879922559,2881079644,0,0,1828432491,1835737199,1097863984,1098180459
TimeStart,TimeEnd,PP0Start,PP0End,PP1Start,PP1End,PkgStart,PkgEnd,DramStart,DramEnd
1737422281940,1737422315289,2881085971,2882248488,0,0,1835830461,1843040753,1098186534,1098497963
TimeStart,TimeEnd,PP0Start,PP0End,PP1Start,PP1End,PkgStart,PkgEnd,DramStart,DramEnd
1737422315764,1737422348382,2882255228,2883432041,0,0,1843133927,1850226089,1098504008,1098808808
TimeStart,TimeEnd,PP0Start,PP0End,PP1Start,PP1End,PkgStart,PkgEnd,DramStart,DramEnd
1737422348859,1737422382056,2883439074,2884633356,0,0,1850320080,1857534675,1098814869,1099124910
TimeStart,TimeEnd,PP0Start,PP0End,PP1Start,PP1End,PkgStart,PkgEnd,DramStart,DramEnd
1737422382532,1737422414843,2884639980,2885786374,0,0,1857627898,1864634108,1099130968,1099433081
TimeStart,TimeEnd,PP0Start,PP0End,PP1Start,PP1End,PkgStart,PkgEnd,DramStart,DramEnd
1737422415319,1737422448950,2885792902,2886944540,0,0,1864727226,1871978053,1099439132,1099753248
TimeStart,TimeEnd,PP0Start,PP0End,PP1Start,PP1End,PkgStart,PkgEnd,DramStart,DramEnd
1737422449425,1737422482802,2886951097,2888117246,0,0,1872071021,1879290152,1099759288,1100071001
TimeStart,TimeEnd,PP0Start,PP0End,PP1Start,PP1End,PkgStart,PkgEnd,DramStart,DramEnd
1737422483276,1737422517210,2888123485,2889276203,0,0,1879382630,1886689491,1100077018,1100393822
TimeStart,TimeEnd,PP0Start,PP0End,PP1Start,PP1End,PkgStart,PkgEnd,DramStart,DramEnd
1737422517688,1737422550905,2889282487,2890430013,0,0,1886782772,1893954484,1100399881,1100710193
TimeStart,TimeEnd,PP0Start,PP0End,PP1Start,PP1End,PkgStart,PkgEnd,DramStart,DramEnd
1737422551379,1737422584791,2890436863,2891585685,0,0,1894047799,1901256109,1100716225,1101028238
