TimeStart,TimeEnd,PP0Start,PP0End,PP1Start,PP1End,PkgStart,PkgEnd,DramStart,DramEnd
1728838014355,1728838016714,3141556087,3144099696,0,0,851103102,854081254,117723850,117777690
1728838016714,1728838018771,3144099746,3146388073,0,0,854081254,856748213,117777690,117822347
1728838018771,1728838021041,3146388136,3148459020,0,0,856748213,859235217,117822347,117868570
1728838021041,1728838023317,3148459020,3150460328,0,0,859235217,861654158,117868570,117915726
1728838023317,1728838025525,3150460381,3152432354,0,0,861654158,864031854,117915726,117963670
1728838025525,1728838027855,3152432403,3154415551,0,0,864031854,866442479,117963670,118012349
1728838027855,1728838030472,3154415771,3156722538,0,0,866442479,869228439,118012349,118063061
1728838030472,1728838033072,3156722670,3159018697,0,0,869228439,872000825,118063061,118114547
1728838033072,1728838035713,3159018734,3161325253,0,0,872000825,874791139,118114547,118166305
1728838035713,1728838038324,3161325327,3163653886,0,0,874791139,877597753,118166305,118217108
1728838038324,1728838040955,3163653936,3165994561,0,0,877597753,880420178,118217108,118269342
1728838040955,1728838043367,3165994611,3168140111,0,0,880420178,883007920,118269342,118320469
1728838043367,1728838045884,3168140154,3170294144,0,0,883008600,885623555,118320482,118370656
1728838045884,1728838048303,3170294266,3172496397,0,0,885623555,888269622,118370656,118421418
1728838048303,1728838050832,3172496529,3174634628,0,0,888269622,890870575,118421418,118470802
1728838050832,1728838053390,3174634739,3176879224,0,0,890870575,893583936,118470802,118521788
1728838053390,1728838055929,3176879274,3179140309,0,0,893583936,896309564,118521788,118571820
1728838055929,1728838058302,3179140309,3181279830,0,0,896309564,898884760,118571820,118621944
1728838058302,1728838060849,3181279830,3183448164,0,0,898884760,901519521,118621944,118673102
1728838060850,1728838063238,3183448226,3185644298,0,0,901519521,904153522,118673102,118723325
